sce	spo	score
854598	1669524	2.195
854593	1669529	1.08
24573117	1669531	0.093
854600	1669531	0.093
854601	1669530	0.68
854583	1669523	1.534
854584	1669532	0.285
24573116	1669532	0.285
854622	1669525	0.934
851260	2539275	0.549
851259	2542875	2.195
851259	2541815	2.195
851259	2540199	2.195
851259	2539225	2.195
851226	2542439	0.275
851224	2541282	0.132
851223	2542383	0.489
851217	2543042	1.807
851214	2539045	2.159
851213	2542973	0.251
851212	2538913	1.352
851210	2543657	2.195
851208	2541944	0.908
851207	2541239	2.195
851204	2540560	2.195
851204	2538846	2.195
851201	2538988	0.276
851200	2538895	0.233
851196	2543241	2.195
851195	2543662	1.862
851193	2543557	2.195
851192	2540445	0.478
851256	2541538	0.815
851255	2543538	0.293
851254	2541294	0.296
851252	2539858	0.182
851251	2539553	0.227
851249	2538910	1.783
851248	2540359	0.17
851245	2539546	2.195
851241	2543041	0.788
851237	2539147	1.855
851264	2540028	0.419
851265	2541776	0.715
851266	2541158	1.419
851267	2540591	0.362
851272	2541029	1.249
851273	2542237	0.807
851299	2540606	0.509
852284	2539523	0.67
852283	2539499	0.702
852276	2542338	0.944
852275	2540219	1.613
852274	2541959	0.149
852271	2540110	1.625
852270	2542294	0.218
852266	2542515	2.195
852264	2539861	1.746
852263	3361273	0.114
852262	2540679	0.67
852261	2541221	0.623
852260	2542027	0.426
852259	2541875	2.195
852258	2540620	2.195
852257	2541917	1.819
852255	2538804	0.392
852379	2539178	0.676
852254	2539178	0.676
852253	2540087	0.09
852250	2540900	1.637
852247	2541490	1.037
852245	2539135	0.859
852244	2543658	0.607
852243	2541162	0.812
852242	2539752	0.526
852241	2542937	2.195
852240	2540214	0.62
852239	2542062	0.93
852231	2543316	0.22
852230	2543488	0.77
852228	2542170	0.97
852225	2539901	0.732
852223	2542124	0.435
852222	2543170	0.469
852220	2540486	0.087
852216	2542732	1.449
852212	2540120	0.813
852211	2538924	1.516
852207	2543434	0.239
852206	2543354	1.06
856839	2543354	1.06
852203	2542875	2.195
852203	2541815	2.195
852203	2540199	2.195
852203	2539225	2.195
852202	2541245	2.195
852200	2541386	0.595
852199	2543502	1.667
852198	2543074	0.857
852196	2542768	0.676
852194	2542438	0.928
852192	2539001	0.207
852191	2543453	0.776
856853	2543453	0.776
852191	2539286	0.776
856853	2539286	0.776
852188	2541198	0.14
852187	2539692	1.667
852185	2543460	0.522
852181	2543466	0.185
852180	2538744	0.902
852177	2541526	2.195
852172	2541611	0.367
852170	3361381	1.072
852169	2539649	1.698
852168	2542372	0.908
852286	2541115	2.195
852287	2543620	0.691
852288	2541402	0.906
852289	2542588	0.33
852291	2543267	1.922
852293	2542190	1.564
852294	2542463	0.508
855701	2542463	0.508
852294	2539991	0.508
855701	2539991	0.508
852294	2541200	0.508
855701	2541200	0.508
855700	2542467	0.862
852295	2542467	0.862
855700	2539804	0.862
852295	2539804	0.862
855700	2541220	0.862
852295	2541220	0.862
852296	2542011	1.516
852302	2539000	0.227
852305	2542046	1.534
852306	2541407	1.746
852307	2541411	2.195
852313	2541434	1.819
852314	2542100	0.568
852316	2539494	1.041
852317	2540017	1.383
852319	2539780	1.583
852322	2543492	1.358
852323	2542998	0.885
852325	2539826	0.706
852326	2542858	2.195
852327	2539839	0.813
852330	2540846	0.594
852335	2538826	0.776
851589	2542904	0.778
852337	2542904	0.778
851589	2543120	0.778
852337	2543120	0.778
852344	2541185	1.203
852346	2540296	0.61
852349	2541157	1.298
852352	2541159	0.545
852353	2543625	1.179
852357	2538974	0.316
852362	2541499	0.307
852364	2540977	0.149
852366	2539157	0.744
852370	2539046	0.519
852371	2539938	1.249
852372	2542410	2.195
852373	2540408	0.712
852379	2539178	0.676
852254	2539178	0.676
852378	2540300	2.195
852378	2541217	2.195
852382	2541167	0.341
852383	2540215	1.064
852385	2540020	0.833
852386	2542878	0.316
852389	2541339	0.491
852391	2542924	1.014
852394	2539996	1.564
852397	2540288	0.243
852399	2538701	0.199
852403	2540080	0.439
852406	2543039	0.585
852407	2541937	0.928
852408	2541356	0.603
1466445	3361305	0.099
852411	2538860	2.195
852412	2542079	2.195
852414	2540441	2.195
856195	2541984	2.195
852415	2541984	2.195
856195	2539917	2.195
852415	2539917	2.195
856195	2539035	2.195
852415	2539035	2.195
852421	2542856	0.307
852423	2542660	2.195
852424	2543408	2.195
852431	2540099	0.87
852432	2540027	0.5
852433	2540719	1.746
852434	2541366	0.215
852438	2543414	0.397
852439	2540874	1.443
852440	2542148	2.05
852443	2542620	0.403
852444	2542262	0.394
852450	2540625	0.227
852451	2541910	0.839
852452	2542172	0.769
852456	2543099	0.873
852457	2539869	1.358
852458	2538722	0.904
852459	2541329	1.176
852464	2539274	1.734
852466	2539457	0.098
852468	2539821	1.637
852469	2541043	0.251
852471	2539122	0.211
852474	2542731	0.564
852477	2539859	1.183
856015	2543581	1.132
852479	2543581	1.132
852485	2542208	0.5
852489	2540950	0.809
852491	2543465	1.107
852492	2540761	0.206
852495	2539625	2.195
852497	2539353	1.959
852499	2541726	0.777
852501	2540630	2.195
852514	2543624	0.292
852515	2541117	0.744
852518	2542368	0.194
852519	2539661	2.195
852521	2540573	1.027
852522	2540273	1.649
852523	2539253	1.698
852529	2541657	0.365
852530	2543277	2.195
852533	2539434	0.348
852535	3361558	0.071
852536	2540002	0.952
852537	2540830	2.195
852538	2539280	0.781
852539	2538936	1.564
852545	2539795	1.425
852548	2539212	0.391
852549	2539887	1.12
852550	2541224	2.195
852551	2542631	1.589
852553	2543504	0.558
852554	2543669	0.534
852556	2539833	0.359
852559	2539183	0.615
852560	2539947	0.146
852563	2540635	0.565
852564	2542340	0.634
852568	2539289	0.293
852572	9407048	0.207
852574	2539044	0.318
852577	2539087	0.918
852582	2543560	0.24
852583	2540997	0.152
852585	3361547	0.13
852590	2541955	0.882
852594	2542456	0.882
852597	2543130	2.195
852597	2540681	2.195
850354	2541774	0.7
850352	2541243	1.158
2732686	3361294	0.129
850348	2540022	0.81
850347	2540787	0.389
850346	2542567	0.499
2746859	2542784	0.161
850344	2543078	0.242
850343	2540403	2.195
850342	2540283	1.48
850327	2539650	1.674
850326	2541174	0.15
850324	2540772	0.36
850323	2540327	0.316
850321	2542648	0.17
850319	2541826	0.377
850317	2543607	0.996
850314	2541460	0.978
850312	2542716	0.509
850310	2543057	0.316
850305	2539243	0.102
850304	2542112	2.195
850300	2543313	0.206
850298	2540544	1.546
850358	2543513	1.292
850359	2539681	0.112
850366	2542804	1.595
850367	2541160	1.136
850370	2539764	2.037
850373	2539837	0.13
850376	2542152	2.195
850381	2542315	0.433
850388	2539632	1.106
850391	2541177	0.658
850392	2540853	0.491
850394	2540342	1.249
850395	2541933	0.103
850397	2540817	0.629
850397	5802781	0.629
850400	2542505	1.011
850402	2539822	0.457
850409	2543107	1.977
850411	2543664	0.438
850413	2543125	0.105
850414	2542685	1.019
850418	2538792	0.273
850420	2542653	1.995
850422	2541182	2.195
850423	2541824	0.531
850425	2540266	0.79
850427	2540434	0.582
850430	2539686	0.484
850432	2541924	1.261
850434	2543635	0.123
850435	2539380	2.134
850440	2540778	0.668
850441	2543095	0.243
850445	2542299	1.231
850452	3361316	0.227
850454	2543392	1.577
850455	2542001	1.01
850456	2539922	1.164
850462	2539731	0.771
850466	2541784	0.292
851563	2539175	1.419
851560	2540185	0.378
851558	2539495	0.791
851557	2540939	2.195
851554	2543187	0.269
851548	2540479	1.376
851547	2541070	0.479
851545	2541165	0.983
851543	2540357	1.613
851539	2541502	1.165
851532	5802965	2.086
851531	2540932	0.622
851530	2543197	2.195
851529	2541868	0.777
851525	2542607	1.285
851521	2539338	1.174
851518	2540622	0.215
851516	2539270	0.408
851515	2542645	0.078
851514	2543332	0.279
851513	2538758	1.698
851509	2541530	0.413
851508	2542560	0.643
851504	2538743	1.94
851503	2541871	0.534
851501	2542708	0.908
851499	2541779	1.977
851495	2542196	0.72
851493	2542598	2.025
851492	2539086	0.142
851487	2543291	0.208
851483	2539374	0.115
851482	2541859	0.366
851478	2543217	0.233
851477	2543553	0.474
855174	2543559	0.728
851476	2543559	0.728
855174	2540812	0.728
851476	2540812	0.728
851475	2542433	2.195
851473	2542345	0.109
851471	2539055	0.503
851468	2542380	0.756
851467	2539260	0.355
851462	2541418	1.51
851461	2541807	1.376
851458	2542928	1.159
851456	2540255	2.195
851455	2540183	1.145
851454	2539074	0.805
851453	3361330	0.201
851450	2540471	1.148
851447	2540116	0.155
851444	2539946	0.268
851442	2541789	0.069
851441	3361255	0.464
851440	2542740	0.579
851439	2543361	0.677
851437	2539143	0.235
851433	2542483	0.657
851432	2538824	0.498
851431	2542744	2.195
851429	2539393	1.249
851425	2539815	2.195
851424	2542393	1.492
851421	2540072	1.795
851420	2543214	0.451
851419	2539308	0.369
851336	2539308	0.369
851418	2540899	1.067
851415	2540292	2.195
851415	2541094	2.195
851414	2540476	1.19
851412	2540053	2.195
851410	2541412	2.195
851408	2542907	1.261
851408	2543347	1.261
851407	2540674	1.033
851406	2539850	1.613
851403	2541000	0.698
851394	2541216	2.195
851391	2541849	2.195
851389	2538778	0.358
851388	2538752	0.499
851387	2542253	0.756
851386	2538802	1.831
851384	2539398	0.294
851383	2543509	2.195
851376	2541151	2.019
851347	2539524	0.128
851346	2539815	2.195
851345	2541865	0.163
851342	2541660	1.686
851337	2542023	1.728
851419	2539308	0.369
851336	2539308	0.369
851334	2540399	0.428
851332	2541273	1.279
851329	2538713	1.516
851327	2541704	0.109
851326	2539574	1.088
851325	2542402	0.12
851322	3361383	0.817
851320	2540395	0.576
851319	2542369	0.646
851318	2542531	0.576
851317	2543419	0.95
851314	2540800	0.176
851313	2540924	0.252
851311	2539148	2.195
851310	2541529	0.437
851309	2540483	0.362
851307	2543253	0.486
851372	2539181	0.588
851369	2542875	2.195
851369	2541815	2.195
851369	2540199	2.195
851369	2539225	2.195
851368	2542677	0.481
851364	2543609	1.285
851362	2539960	0.801
851360	2539231	1.237
851358	2541022	1.698
851353	2539108	1.577
851564	2541115	2.195
851565	2540142	0.634
851567	2542007	0.439
851568	2542394	0.322
851572	2541380	1.613
851574	2543363	2.195
851574	2539195	2.195
851575	2539780	1.583
851576	2541324	0.377
851579	2542311	0.086
851582	2543195	1.14
851584	2541602	1.916
851587	2542163	2.195
851589	2542904	0.778
852337	2542904	0.778
851589	2543120	0.778
852337	2543120	0.778
851591	2541725	0.166
851596	2543686	0.845
851597	2538730	0.266
851606	2540394	0.623
851607	2539746	2.195
851608	2541204	2.195
851609	2541204	2.195
851610	2541204	2.195
851611	2540539	0.376
851614	2541934	1.285
851615	2541521	0.348
851617	2539032	1.589
851618	2539188	0.87
851620	2538729	0.958
851627	2541459	0.126
851631	2540083	0.911
851632	2543648	1.825
851633	2543203	0.576
851634	3361415	1.977
851635	2542259	0.144
851636	2542108	0.843
851641	2540837	0.644
851643	2543681	0.233
851646	2542577	1.946
851652	2540257	0.17
851653	2542058	0.65
851654	2543290	0.227
851656	2543219	0.776
851657	2540332	0.31
851659	2543140	0.19
851660	2541297	0.272
851661	2540941	0.229
851664	2541787	0.393
851665	2539753	2.195
851666	2542925	0.717
851667	2541560	2.195
851667	2543523	2.195
851667	2541239	2.195
851671	2539215	2.195
851672	2540578	0.679
851677	2542733	0.083
851678	2540457	0.405
851682	2543369	0.933
851685	2540158	1.51
851690	2540891	1.492
851692	2540621	0.158
851694	3361520	0.237
851698	2540604	1.498
851699	2540966	0.132
851700	2540792	1.358
851705	2542115	2.195
851706	2541877	1.661
851707	2539765	2.195
851713	2543193	2.195
851713	2540937	2.195
851717	2540129	0.257
851718	2542476	0.364
851719	2543220	0.485
851720	5802962	0.457
851722	3361468	0.218
851726	2541170	1.577
851730	2538880	0.147
851733	2540269	0.91
851736	2539267	1.383
851739	2539899	0.197
851740	2539237	0.148
851742	2538850	0.817
851743	2539246	0.336
851745	2540614	0.356
851746	2541293	0.734
851748	2542107	2.195
851748	2543610	2.195
851752	2539479	2.177
851753	2543061	0.313
851755	2541429	0.2
851756	2540436	0.441
851757	2540277	0.736
851761	2542657	0.515
851763	2543429	0.853
851764	3361430	0.251
851768	2541128	2.195
851770	2539096	1.546
851771	2543227	2.195
851772	2542366	0.813
851777	2538759	0.618
851779	2539232	0.195
851782	5802726	0.08
851785	2541625	0.716
851789	2542231	1.528
851797	2542017	1.898
851798	2539691	2.195
851800	2539806	0.781
851812	2542704	1.086
851814	2543037	0.461
851817	14217741	0.086
851818	2542028	1.704
851819	3361269	0.073
851820	2542867	2.195
851822	2539192	0.336
851823	2540459	0.502
851824	2539798	2.195
851829	3361182	1.123
851830	2538728	1.243
851832	2543384	1.019
851833	2540976	0.17
851835	2543385	0.376
851841	2541321	0.208
851843	2539418	1.855
851844	2543346	0.265
851845	2540026	2.195
851845	2540898	2.195
851855	2540094	0.061
851857	2541757	0.843
851861	2543249	0.93
851862	2540525	1.819
851865	2542447	0.74
851869	2541129	0.125
851874	2539106	1.076
851877	2540500	2.195
851878	2541078	0.535
851884	2540220	0.222
851885	2542036	2.195
851886	2540909	1.065
851887	2539180	1.473
851891	2541225	0.761
851892	2539241	0.387
851893	2543540	0.42
851894	2542273	1.467
851895	2539694	0.929
851900	2542810	0.648
851903	2540209	0.152
851906	2542336	0.534
851908	2540987	0.259
851910	2538790	0.115
851911	2540448	0.485
851917	2540872	0.152
851919	5802828	0.147
851921	2540365	0.372
851923	2542423	0.572
851924	2540514	1.68
851925	2539121	1.187
851926	2540703	0.756
851928	2540917	0.611
851930	2541532	0.572
851931	2539272	1.401
851932	2539613	0.906
851934	3361561	2.195
851935	2542592	1.108
851937	2539962	0.251
851938	2539460	1.196
851939	2540218	0.827
851942	2540548	2.195
851947	2538896	0.536
851955	3361358	1.746
851956	2540065	0.708
851963	2538703	0.389
851964	2540424	0.322
851968	2541168	1.041
851969	2540076	1.148
851973	2541523	0.138
851978	3361544	1.225
851979	2542523	0.861
851981	2543663	1.637
851982	2541049	0.843
851983	2539609	0.219
851984	2541997	0.131
851986	2543362	0.185
851988	2540565	0.262
851990	2540587	0.221
854301	3361483	2.195
851993	3361483	2.195
854301	2539544	2.195
851993	2539544	2.195
851994	2539004	0.67
851996	2540633	1.196
851998	2539967	1.358
852000	2539440	0.085
852001	2539570	0.961
852002	2543230	0.582
852003	2539539	2.171
852006	2540406	0.394
852007	2543388	0.504
852009	2542154	0.476
852013	2542097	0.683
852014	2543038	0.17
852015	2543363	2.195
852015	2539195	2.195
852016	2542375	0.396
852017	2538712	0.528
852018	2541580	0.535
852019	2542982	0.559
852020	2541072	0.097
852023	2541909	0.17
852025	2540753	0.769
856656	2539186	0.833
852026	2539186	0.833
856656	2539010	0.833
852026	2539010	0.833
852028	2539666	0.672
852034	2543530	0.295
852035	2539722	0.344
852037	2543114	0.857
852039	2540819	0.533
852041	2540111	2.195
852044	2542284	0.297
852045	2541346	0.336
852058	2541229	0.611
852059	2539174	1.273
852061	2540180	0.757
854982	2540180	0.757
852061	3361064	0.757
854982	3361064	0.757
852063	2541140	0.874
852065	2539674	0.68
852066	2542747	2.013
852068	2542537	2.195
852071	2540684	0.669
852073	2543588	0.113
852076	2542686	0.695
852079	2540973	0.185
852081	2542501	0.322
852083	2540014	0.32
852084	2541686	0.281
852088	2539109	1.831
852090	2539112	0.159
852092	2539926	1.407
852095	2540233	0.352
852097	2538774	0.273
852098	2540577	0.802
852100	2541368	0.316
852104	14217716	0.105
852107	2538833	1.225
852113	2539943	2.195
852122	2540927	0.306
852123	2541309	0.275
852124	2543556	0.243
852135	2541473	0.838
852142	2539439	0.342
852144	2540815	0.885
852146	2539466	0.649
856716	2539520	0.509
856715	2541498	0.283
856714	2539611	0.588
856704	2540738	0.742
856702	2541010	2.195
856700	2540639	0.188
856694	2541142	1.413
856693	2539125	0.322
856692	2538768	0.902
856691	2540746	1.431
856689	2540075	0.958
856687	2542663	0.675
856686	2542471	0.821
856682	2543026	2.195
856681	2542381	2.195
856680	2538838	2.195
856675	2539685	1.595
856674	2540481	0.67
856673	2543661	0.427
856672	2539146	0.514
856670	2543649	0.857
856669	2541834	1.455
856667	2541949	0.249
856665	2541852	1.043
856660	2539321	1.174
856659	2539581	0.965
856658	2540093	1.11
856657	2539689	0.157
856656	2539186	0.833
852026	2539186	0.833
856656	2539010	0.833
852026	2539010	0.833
856655	2539834	0.876
856654	2539214	0.897
856652	2542320	1.48
856649	2543097	1.273
856647	2541840	0.37
856719	2539893	0.226
856720	2540428	1.249
856722	2538741	1.237
856723	2540469	1.267
856725	2540396	0.655
856724	2541847	0.223
856727	2542783	0.588
856731	2543122	0.805
856732	2542978	2.195
856732	2540057	2.195
856732	2540006	2.195
856732	2540707	2.195
856733	2541631	0.481
856736	2542123	0.54
856737	2541079	2.195
856740	2540282	0.187
856739	2541113	0.831
856741	2541720	1.005
856742	2540109	1.112
856744	2543212	0.518
856746	2539738	2.195
856748	2538911	0.776
856751	2542684	0.194
856753	2542219	0.93
856758	2540078	2.195
856765	2542181	0.413
856766	2541218	2.195
856767	2541026	0.324
856770	2543049	0.083
856772	2543672	0.795
856774	2539888	0.101
856775	2541179	1.455
856776	2538921	0.159
856777	2539481	0.443
856778	2540602	1.928
856779	2539652	1.186
856782	2542720	1.128
856790	2541226	1.104
856794	2539803	1.038
856800	2543391	2.195
856801	2541695	2.195
856803	2540771	0.635
856804	2542976	1.928
856805	2539848	0.591
854741	2539848	0.591
856806	2542215	0.233
856811	2542952	1.197
856815	2543484	1.649
856819	2540162	1.989
856820	2540642	0.645
856823	2542008	1.057
856824	2538842	2.037
856825	2543585	2.195
856828	2539845	1.237
856830	2539401	0.964
856831	2543580	1.801
856836	2538924	1.516
856837	2541642	0.753
852206	2543354	1.06
856839	2543354	1.06
856840	2542875	2.195
856840	2541815	2.195
856840	2540199	2.195
856840	2539225	2.195
856844	2539741	1.298
856846	2539863	1.892
856848	2540475	0.182
852191	2543453	0.776
856853	2543453	0.776
852191	2539286	0.776
856853	2539286	0.776
856855	2540081	0.811
856856	2540009	0.268
856859	2541825	0.721
856862	2541818	2.195
856862	2539956	2.195
856863	2539413	1.285
856864	2542587	0.17
856866	2538951	0.988
856868	2543085	0.54
856870	2541193	2.001
856873	2541375	0.344
856876	2541727	2.086
856882	2542005	0.122
856883	2539819	0.702
856884	2541839	1.273
856885	2543565	0.155
856886	3361477	0.663
856888	2541557	1.041
856889	2540723	0.225
856891	2541582	1.213
856895	2541378	0.684
856898	2539811	0.409
856900	2543308	1.152
856901	2539758	0.632
856904	2542201	0.213
856909	2539465	0.647
856910	2540372	0.405
856911	2542363	2.195
856911	2543064	2.195
856912	2541505	2.068
856913	2541560	2.195
856913	2543523	2.195
856913	2541239	2.195
856915	2539578	1.035
856918	2542203	2.195
856919	2543676	2.195
856919	2539673	2.195
856924	2542029	1.346
856925	2541579	1.686
856926	2542106	1.443
856931	2543186	0.137
856932	2539626	0.243
850550	2541578	1.14
850549	2540598	1.216
850543	2543280	0.805
850540	2540557	2.195
850539	2543514	1.061
850532	2542035	0.109
850530	2539501	0.791
850529	2542332	0.267
850528	2540855	0.209
850527	2543269	2.183
850522	2543647	1.88
850520	2539428	0.599
850519	2542981	1.328
850518	2541606	0.182
850517	2541149	0.239
850516	2541846	0.764
850511	2539208	0.771
850508	2539016	0.81
850510	2542120	1.771
850507	2542687	2.195
850506	2540582	2.195
850505	2539784	1.031
850504	2540051	2.195
850502	2541558	1.358
850500	2542649	0.416
850499	2541674	1.31
850498	2542033	0.303
850497	2542617	1.134
850496	2540877	0.093
850494	2540298	1.51
850491	2541810	2.195
850490	2543301	1.783
850489	2539173	1.613
850486	2539108	1.577
850485	2542689	1.322
850552	2538861	1.225
850554	2543040	1.425
850555	2540864	0.784
850558	2541483	0.291
850561	2540597	2.195
850562	2541819	1.07
850574	2541154	1.322
850577	2542180	0.806
850581	2538785	0.574
850585	2542358	1.358
850588	2538821	1.862
850589	2541319	2.195
854794	5802952	1.298
850590	5802952	1.298
854794	2540366	1.298
850590	2540366	1.298
854794	2541191	1.298
850590	2541191	1.298
850592	2541172	0.183
850598	2541851	0.934
850602	2541520	0.382
850605	2539648	1.892
850609	2543091	0.811
850611	2540875	0.764
850612	2538953	0.658
850613	2540025	0.384
852883	2540634	1.106
852881	2542824	1.298
852878	2543477	2.195
852876	2542664	2.195
852876	2539012	2.195
852875	2543296	2.195
852874	2542322	0.238
852873	2541139	0.934
852872	2541740	1.734
852868	2541467	0.187
852867	2542941	0.508
852866	2542900	0.175
852865	2540306	0.605
852864	2540893	0.075
852862	2540190	2.195
852861	2540208	0.179
852858	2542240	2.195
852857	2542534	1.698
852854	2541698	0.111
852853	2542661	0.455
852850	3361533	0.154
852846	2540906	0.215
852842	2542373	1.334
852839	2541941	0.604
852835	2543352	0.287
852834	2540487	2.177
852832	2542730	0.477
852826	2543081	0.381
852825	2538753	1.564
852822	2542622	0.857
852818	2539661	2.195
852815	2539854	1.225
852814	2538769	0.328
852813	2540122	0.535
852811	2539530	0.342
852810	2541470	0.388
852802	2540213	1.643
852800	2539169	0.416
852798	2543045	0.188
852797	2541327	0.748
852796	2541508	1.401
852795	2540556	0.356
852793	2538720	0.631
852789	2543416	1.473
852788	2541547	0.516
852786	2541684	1.473
852785	2541485	1.298
852782	2541059	1.07
852779	2541449	1.601
852778	2541682	1.027
852777	2539410	0.586
852775	2539548	0.673
852773	2543087	0.703
852772	2541699	0.329
852770	14218053	0.093
852768	2538764	0.1
852767	2541163	0.206
852766	2539133	1.199
852763	5802929	1.136
852762	2543222	1.225
852758	2540411	1.625
852757	2542978	2.195
852757	2540057	2.195
852757	2540707	2.195
852754	2539067	1.114
852753	2542459	0.375
852752	2542993	1.977
852750	2539504	0.16
852748	2540507	0.194
852747	2540362	0.716
855881	2539222	1.069
852742	2539222	1.069
852741	2540444	0.424
852740	2540050	2.195
852737	2542709	0.175
852736	2542770	1.079
852735	2539152	0.651
852734	2541478	0.967
852733	2543617	0.762
852729	2538817	1.892
852728	3361566	2.195
852724	2540079	0.263
852722	2541514	0.302
852721	2543485	2.195
852720	2543471	0.681
852715	2541426	0.098
852713	2542749	2.195
852712	2539008	0.568
852709	2540383	2.195
852707	2539596	1.249
852704	2541786	1.225
852703	2541890	0.362
852702	2542204	2.195
852701	2538931	0.182
852695	2539461	1.172
852694	2540709	0.341
852692	2542548	0.135
852691	2539019	1.095
852688	2543025	0.509
852685	2541519	1.813
852684	2538807	0.239
852681	2543643	1.783
852680	2542235	2.195
852679	2542996	0.994
852676	2543575	0.097
852675	2539350	0.457
852673	2540784	2.195
852672	2543350	1.116
852670	2540202	0.807
852666	2542078	2.195
852665	2541355	2.195
852664	2539130	0.382
852661	2540314	1.564
852659	2540221	0.197
852655	2540361	1.601
852652	2542160	0.198
852651	2539063	0.688
852648	2541562	0.623
852647	2542850	1.285
852620	2539075	0.356
852619	3361329	0.301
852617	2541034	2.195
852616	2540415	2.013
852612	2540419	2.195
852611	2540307	0.331
852610	2541885	0.232
852609	2542971	0.316
852608	2540035	0.469
852607	2541123	0.494
852606	2542408	2.195
852646	2542540	0.4
852644	2539207	0.367
852642	3361128	0.105
852639	2542634	1.558
852637	2539655	0.825
852885	2542412	0.533
852886	2542637	0.713
852888	2539924	0.432
852890	2542775	0.606
852892	2540623	0.509
852895	2542583	1.261
852902	2542494	1.667
852903	2540982	0.438
852904	2541235	0.358
852908	2539571	0.788
852915	2539116	0.964
852916	2543175	0.437
852919	2541745	0.518
852920	2542591	2.195
852920	2541586	2.195
852920	2540737	2.195
852920	2538822	2.195
852924	2540904	0.3
852925	2539982	0.317
852926	2540054	0.536
852931	2542474	1.486
852937	2540640	0.608
852938	2539187	1.106
852939	2539623	0.901
852945	2540999	1.132
852951	2543373	1.285
852952	2542871	2.195
852955	2540700	0.221
852957	2543442	0.197
852964	2542690	0.213
852967	2542604	0.152
852969	2543378	0.397
852971	2539064	0.149
852973	2542959	0.316
852974	2542064	0.962
852976	2541591	1.008
852976	2539846	1.008
852977	2539093	1.174
852978	2543400	1.922
852982	2541176	1.13
852983	2540045	0.549
852985	2541461	0.372
852986	2540197	2.195
852987	2539660	0.279
852988	2540155	0.389
852992	2540535	1.68
852993	2540108	0.354
852995	2540659	1.674
852997	9407312	0.103
853007	2542281	0.524
853009	2540192	0.332
853011	2541605	2.122
853015	2542012	0.837
856250	2542012	0.837
853015	2541369	0.837
856250	2541369	0.837
853016	2540775	0.499
853023	2541004	1.577
853025	2539704	2.195
853026	2542625	1.995
853033	2542354	1.376
853036	3361518	1.09
853039	2541015	1.522
853047	2540526	1.192
853048	2538997	2.031
853050	2540058	0.147
853051	2541570	0.506
853052	2541180	0.699
853061	2540538	1.322
853072	2539088	1.047
853075	2539986	0.118
853077	2541305	0.207
853081	2541577	1.225
853082	2539076	0.511
853083	2540303	1.51
853086	2541106	1.147
853093	2542145	0.22
853095	2539153	0.093
853096	2540764	0.714
853097	2539269	1.564
853098	2539294	0.643
853099	2542675	0.859
853100	2538736	0.839
853107	2539081	0.453
853108	2539441	1.395
853109	2543451	0.627
853114	2538986	1.54
853116	2539176	1.012
853117	2541214	0.085
853118	2540300	2.195
853118	2541217	2.195
853119	2543381	0.463
853121	2542385	0.867
853122	2540968	0.625
853124	2540972	1.758
853125	2542778	1.807
853126	2542613	0.109
853128	2541144	1.044
853129	2540477	0.128
853130	2540323	0.687
853131	2542812	2.195
853133	3361487	2.195
853135	2543386	0.732
853138	2543338	0.474
853140	2542840	0.583
853142	2543245	0.596
853144	2540339	0.507
853146	2538888	1.298
853147	2542919	0.322
853149	2542104	0.602
853155	2539972	2.195
853158	2541475	0.312
853159	2539168	1.504
853160	2539889	1.995
853161	2540071	1.035
853167	2542513	1.765
853168	2543205	1.201
853169	2539782	2.122
853170	2539672	0.946
853172	2541146	2.195
853173	2541312	0.546
853174	2541051	0.922
853175	2543005	1.043
853177	2541771	0.722
853178	2541953	0.431
853179	2541394	0.256
853181	2540052	2.195
853183	2542406	1.001
853185	2542245	0.23
853186	2543084	2.195
853188	2543142	0.21
853187	2543676	2.195
853187	2539673	2.195
853190	2540581	0.113
853191	2541848	1.898
853193	2543505	0.784
853194	2541427	0.34
853195	2539941	0.801
853199	2542700	0.92
853201	2539516	0.63
853202	2539801	0.983
853203	2538717	1.419
856388	2542425	0.457
856387	2540055	0.683
856386	2540466	0.992
856384	2541569	0.712
856376	2542333	0.964
856373	2542554	0.5
856371	2539449	0.44
856370	2540527	2.147
856368	2541617	0.067
856364	2542150	0.244
856362	2541073	0.235
856361	2542861	0.451
856355	3361455	1.216
856354	2542969	0.146
856352	2540517	1.261
856350	2543059	2.195
856350	2543193	2.195
856350	2540937	2.195
856338	2540217	0.839
856389	2539266	1.237
856390	2541331	0.069
856391	2542177	0.989
856395	2541950	0.245
856398	2542599	1.734
856399	2542886	0.651
856400	2541471	0.502
856401	2541156	0.651
856402	2541567	0.979
856403	2542802	0.389
856404	2542765	0.575
856409	2543305	1.205
856411	2539950	2.074
856412	2540046	2.195
856413	2540431	2.195
856415	2539969	0.414
856418	2543576	2.195
856418	2539513	2.195
856419	2540713	1.334
856420	2540857	1.298
856421	2541999	0.738
856422	2541268	2.195
856423	2542415	1.758
856424	3361177	0.742
856425	2539920	1.698
856431	2543596	0.215
856432	2540387	1.946
856433	2540194	0.067
856434	2540508	1.94
856435	2540172	0.113
856438	2541038	1.425
856443	2540648	2.195
856448	2542493	0.364
856455	2543263	0.301
856456	2540876	0.133
856459	2543062	0.474
856460	2541389	0.764
856461	2542131	1.334
856462	2543571	1.813
856463	2542610	0.937
856464	2539744	0.232
856465	2539832	1.492
856466	2541813	1.068
856467	3361429	1.261
856468	3361406	0.182
856470	2542882	2.195
856471	2542636	0.246
856472	2541796	1.093
856473	2539475	2.195
856474	2541371	0.675
856475	2541589	0.342
856476	2542147	0.556
856478	2542776	1.37
856485	2539247	0.31
856486	2540551	0.72
856487	2540610	0.142
856488	2543503	0.892
856489	2540705	0.504
856490	2543454	0.47
856491	2540548	2.195
856498	2540710	1.213
856499	2541659	2.195
856499	2541265	2.195
856500	2539038	0.355
856507	2542193	1.285
856508	2540570	1.062
856511	2541739	1.027
856512	2542042	1.009
856513	2543605	1.686
856514	2539679	0.793
856519	2538762	0.741
856520	2542833	1.752
856522	2542897	0.595
856529	2542512	0.989
856533	2541067	0.855
856537	2541341	1.613
856543	2541381	0.108
856544	2542789	0.506
855560	2542789	0.506
856547	2540793	0.166
856548	2540338	0.841
856552	2542846	0.392
856553	2542514	0.838
856561	2541061	0.097
856569	2540148	1.698
856570	2543413	2.195
856571	2542880	1.31
856573	2543126	0.531
856574	2541069	1.746
856575	2542319	2.05
856576	2540790	1.48
856580	2540641	0.189
856581	2541228	0.48
856587	2538756	0.461
856589	2541146	2.195
856593	2542404	1.649
856594	2540822	0.164
856595	2539759	0.884
856596	2540340	0.211
856597	2541110	1.144
856600	2540432	0.23
856601	2543420	1.401
856605	2542185	0.16
856607	2543682	0.721
856608	2541853	0.514
856609	2543024	1.062
853610	2543486	1.467
856610	2543486	1.467
853610	2540649	1.467
856610	2540649	1.467
856611	2541981	1.213
856612	2542492	1.989
856626	2540315	2.195
854816	2542872	0.918
854814	2542122	1.081
854813	2542068	0.13
854811	2541928	0.624
854810	2543070	0.206
854809	2538765	0.252
854805	2539615	0.457
854802	2539195	2.195
854797	2538927	0.232
854794	5802952	1.298
850590	5802952	1.298
854794	2540366	1.298
850590	2540366	1.298
854794	2541191	1.298
850590	2541191	1.298
854792	2543103	0.91
854791	2538816	1.095
854790	2539636	1.107
854789	2542125	0.358
854778	2543351	0.809
854777	2543390	0.7
854772	2541744	0.268
854770	2543229	0.27
854769	2543651	0.255
854768	2539526	0.879
854767	2542671	0.475
854765	2542914	1.304
854764	3361154	0.711
854763	2542915	2.195
854762	2541583	0.135
854761	2540751	0.521
854760	2540461	0.334
854759	2538815	0.444
854749	2542461	0.364
854748	2542275	0.188
854746	2541223	0.506
854745	2539939	0.231
854744	2541695	2.195
854742	2538952	0.702
856805	2539848	0.591
854741	2539848	0.591
854740	2541189	0.188
854736	2539490	2.195
854735	2540191	2.195
854732	2540550	2.195
854731	2541349	0.346
854726	2539367	0.831
854722	2540188	0.109
854718	2542025	0.268
854717	2538900	1.473
854715	2539878	0.414
854714	2542609	1.601
854711	2539319	0.317
854710	2540173	0.167
854708	2539682	0.778
854703	2540295	1.649
854702	2541267	0.765
854701	2543674	0.347
854700	2540845	0.667
854699	3361378	1.649
854698	2543169	1.179
854697	2541601	2.195
854696	2542951	0.407
854693	2540019	0.382
854690	2539698	1.213
854688	3361511	0.954
854682	2541489	0.37
854681	2540991	2.195
854680	2542638	2.195
854680	2538881	2.195
854678	2541536	0.562
854677	2541317	2.195
854676	2539631	0.549
854673	2542006	0.93
854672	2540370	0.546
854668	2541940	0.192
854664	2542212	2.195
854663	2542174	2.195
854662	2540097	0.415
854661	2541618	0.583
853969	2541768	0.864
854658	2541768	0.864
853969	2542428	0.864
854658	2542428	0.864
854656	2539838	0.376
854653	2543619	0.754
854651	2539217	2.195
3628034	2541994	0.2
854649	2539921	0.118
854644	2539227	1.139
854817	2539733	0.289
854818	2543668	1.437
854821	2541212	0.389
854822	5802955	0.578
854825	2543323	1.118
854826	2541219	0.173
854828	2542184	0.194
854829	2542715	0.34
854832	2539745	0.091
854840	2539654	0.455
854841	2541574	0.345
854844	2540146	0.481
854846	2541559	1.625
854847	2541441	1.107
854848	2541822	0.261
854850	2542470	0.324
854852	2541500	1.492
854853	2540402	0.599
854855	2540222	0.813
854856	2543479	0.228
854857	3361468	0.219
853456	2540878	0.964
853455	2541636	0.338
853454	2541594	0.14
853452	2540810	1.868
853450	2540879	0.251
853447	2540305	2.062
853445	2542044	0.688
853442	2543653	0.091
853441	2538788	2.195
853439	2539219	0.325
853438	2540567	2.195
853429	2542114	0.472
853427	2540381	1.771
853423	2542930	0.567
853422	2540589	0.645
853421	2539343	0.615
853419	2541630	2.195
853418	2542875	2.195
853418	2541815	2.195
853418	2540199	2.195
853418	2539225	2.195
853417	2539634	0.489
853416	2542427	0.54
853410	2538754	0.354
853405	2541690	2.195
853401	2539766	0.461
853398	2539983	0.232
853397	2542173	2.195
853397	2541639	2.195
853395	2540547	1.722
853393	2543395	0.817
853392	2540096	0.155
853387	2543645	0.794
853386	2543228	1.455
853385	2539697	0.088
853384	2542835	1.211
853382	2540205	0.336
853376	2540529	1.261
853374	2541183	0.54
853373	2541194	0.365
853371	2543010	2.195
853365	2539425	0.907
853364	2541318	0.888
853361	2540410	0.659
853358	2542158	1.298
853357	2543593	1.152
853355	2543281	0.286
853354	2542825	0.731
853353	2543577	0.918
853348	2540685	0.327
853345	3361531	0.996
853344	2541881	1.613
853342	2541108	1.443
853340	2541152	0.272
853338	2543071	0.828
853336	2541761	1.395
853335	2540284	0.423
853333	2540572	2.195
853332	3361526	0.801
853327	2539568	0.724
853326	2540451	1.073
853322	2543174	0.776
853319	2538894	0.176
853318	2540520	0.365
853317	2542192	1.142
853316	2541127	0.807
853315	2541963	0.291
853313	2541055	1.516
853311	2541544	2.195
853311	2540729	2.195
853308	2542566	0.942
853305	2540806	0.443
853933	2542948	1.892
853303	2542948	1.892
853301	2541011	0.19
853300	2542228	1.74
853298	2543163	0.757
853287	2539462	1.245
853286	2541800	1.213
853273	2542357	0.295
853272	2542898	1.48
853271	2542070	1.322
853267	2541555	1.141
853262	2540358	0.71
853260	2540765	0.073
853259	2543406	0.459
853250	2539277	0.191
853249	2541838	0.67
853249	2541977	0.67
853249	2541977	0.67
853244	2540013	0.398
853242	2538990	0.943
853230	2541450	2.195
853230	2541348	2.195
853227	2541437	0.172
853226	2539324	0.689
853225	9407221	0.093
853224	2538965	0.287
853222	2542291	1.021
853218	2542082	2.195
853214	2539976	1.601
853237	2542578	0.464
853458	2542038	0.691
853461	2540375	0.985
853462	2542083	0.776
853463	2543455	1.395
853464	2543654	0.756
853466	2540422	1.807
853470	2540126	0.979
853471	2540154	0.441
853473	2542155	2.195
853475	2539218	0.457
853479	2539322	0.13
853481	2542010	0.587
853490	2539705	1.088
853491	2539684	0.109
853492	2539473	2.195
853494	2541379	1.219
853497	2540750	1.273
853502	2543247	0.283
853503	2543026	2.195
853506	2542694	0.825
853508	2539251	0.865
853509	2540230	0.187
853510	2542206	1.059
853512	2539094	0.605
853516	2543613	0.089
853520	2538707	0.537
853521	2541086	0.426
853523	2543157	0.219
853525	2540661	0.36
853526	2538906	0.461
853527	2542868	2.195
853528	2543233	2.171
853529	2540720	2.195
853529	2540473	2.195
853531	2541908	1.285
853532	2539034	0.426
853534	2541465	1.01
853535	2540123	1.322
853536	2540995	0.704
853537	2539036	0.235
853538	2543147	0.602
853539	2540029	0.936
853546	2542528	0.247
853547	2541802	0.15
853550	2539872	0.175
853552	2540355	0.606
853553	2540913	0.971
856156	2540665	0.395
853557	2540665	0.395
853559	2541958	0.741
853560	2543534	0.13
853562	2541733	0.209
853563	2543151	0.634
853565	2539915	0.263
853566	2540828	0.172
853567	2542937	2.195
853568	2542128	0.673
853569	2539129	0.851
853573	2541544	2.195
853573	2540729	2.195
853574	2542522	1.395
853575	2539635	0.397
853576	2541667	0.146
1466470	2541504	0.076
853578	2542330	0.275
853580	2542376	0.312
853581	2543456	1.151
853582	2542352	0.088
853583	2543275	0.797
853585	2541927	2.195
853587	2541712	1.001
853593	2543210	0.206
853594	2539747	1.407
853595	2541719	1.207
853596	2539463	1.522
853597	2541970	0.722
853600	2542819	0.215
853602	2542920	2.195
853603	2540559	1.024
853604	2541148	1.178
853607	2543032	0.603
853608	2539761	2.074
853609	2540271	0.784
853610	2543486	1.467
856610	2543486	1.467
853610	2540649	1.467
856610	2540649	1.467
853613	2540831	1.37
853617	2539419	1.564
853624	2540119	1.088
853869	2542359	0.96
853868	2543521	0.588
853867	2542478	0.158
853866	2543632	1.03
853865	2538700	0.213
853864	2542425	0.457
853862	2542679	0.391
853860	2539913	0.776
853859	2541575	1.625
853857	2543409	0.621
853856	2541767	0.716
853855	2539162	0.272
853854	2543687	0.317
853853	2540446	0.546
853852	2539412	1.364
853851	2540788	0.615
853849	2543143	0.57
853846	2541592	1.449
853844	2538942	0.693
853843	2540231	0.494
853841	2542532	1.255
853840	2543627	0.485
853839	2539592	1.819
853833	2543527	0.612
853832	2541251	0.528
853830	2538877	2.195
853827	2542691	0.576
853826	2539883	0.625
853825	2542234	0.322
853821	2539933	1.219
853820	2538908	1.413
853817	2539658	0.416
853815	2539224	0.098
853812	2540098	0.166
853810	2543512	0.237
853809	2542475	0.753
853807	2538859	0.346
853806	2541385	1.061
853805	2540767	1.716
853798	2543111	0.684
853792	2538733	0.675
853789	2541537	0.82
853784	2541750	2.068
853782	2543469	0.741
853780	2541261	0.208
853778	2542713	0.261
853777	2538766	1.328
853776	2540069	0.287
853775	2541462	0.574
853768	2538799	0.416
853762	2542134	0.495
853761	2542712	0.4
853757	2539622	2.195
853750	2542458	0.601
853747	2543164	1.601
853744	2540313	0.427
853743	2542472	0.378
853739	2541790	1.131
853734	2542511	0.512
853733	2539206	1.849
853732	2540254	2.195
853729	2539659	2.195
853724	2541640	1.577
853723	2541255	1.395
853720	2538813	0.21
853718	2541672	1.116
853717	2539344	1.219
853714	2541634	0.289
853713	2540510	0.639
853712	2539862	2.195
853710	2543612	1.552
853709	2541690	2.195
853708	2542277	0.906
853706	2539500	0.764
853705	2542085	0.532
853702	2541760	0.221
853699	2540648	2.195
853697	2542550	0.332
853690	2541199	2.195
853687	9407293	0.078
853684	2541232	0.328
853682	2542121	0.566
853681	2540711	1.91
853677	2542271	0.267
853675	2539476	0.572
853654	2543525	1.455
853653	2543497	2.195
853651	2542855	1.322
853646	2542388	0.638
853644	2538786	0.728
853643	2539788	0.663
853642	2543562	0.237
853641	2543597	0.786
853640	2541554	1.516
853638	2539873	0.826
853636	2539405	1.181
853632	2540720	2.195
853632	2540473	2.195
853630	2541311	0.861
853628	2539739	0.552
853671	2540405	1.831
853670	2540744	2.195
853669	2539973	1.88
853668	2540393	1.613
853667	2541208	1.267
853665	2542986	2.195
853665	2542983	2.195
853664	2542781	0.19
853662	2538738	1.498
853870	2542724	2.195
853871	2541099	2.098
853886	2541035	0.194
853887	2543148	0.979
853888	2542997	0.515
853893	2542431	0.287
853894	2540518	1.674
853895	2538885	0.161
853896	2539154	0.995
853899	2539511	1.298
853900	2541899	0.448
853901	2540482	0.444
853902	2542065	2.195
853906	2539670	0.546
853910	2540141	1.601
853912	2543573	1.667
853918	2538834	0.119
853922	2539538	0.867
853924	2543048	1.601
853925	2543068	0.674
853927	2543496	0.61
853928	3361400	2.195
853930	2543535	1.298
853931	2540806	0.443
853933	2542948	1.892
853303	2542948	1.892
853934	2543438	0.175
853936	2539236	0.487
853939	2542791	0.454
853942	2543570	0.753
853943	2538945	1.082
853944	2541442	0.766
853949	2542455	0.317
853951	2539028	1.158
853954	2542457	0.859
853955	2539884	1.237
853956	2543500	1.029
853957	2542378	0.329
853959	2540430	0.946
853961	2542978	2.195
853961	2540006	2.195
853962	2541915	0.748
853963	2539871	0.147
853964	2542205	1.221
853968	2540201	1.825
853969	2541768	0.864
854658	2541768	0.864
853969	2542428	0.864
854658	2542428	0.864
1500489	2543415	0.073
853980	2539979	0.574
850686	2540159	2.195
850658	2540945	0.227
850654	2540379	0.597
850652	2543155	1.916
850651	2540423	0.122
850650	2541901	0.865
850649	2540796	1.71
850645	2543193	2.195
850645	2540937	2.195
850643	2539278	2.122
850642	2538939	0.241
850637	2539923	0.32
850636	2542875	2.195
850636	2541815	2.195
850636	2540199	2.195
850636	2539225	2.195
850633	2540026	2.195
850633	2540898	2.195
850632	2539409	0.384
850631	2539551	1.364
850630	2541673	1.631
850628	2540594	1.346
850625	2539968	2.195
850624	2539329	0.311
850620	2541030	2.195
850619	2540138	2.195
850619	2540516	2.195
850685	2542842	1.31
850678	2543059	2.195
850678	2543193	2.195
850678	2542640	2.195
850678	2540937	2.195
850676	2541738	0.585
850671	2541399	1.698
850670	2540401	0.916
850687	2541828	0.217
850688	2541230	0.99
850689	2540607	0.071
850691	2539194	1.383
850694	2542780	0.305
850695	2541855	0.585
850698	2538718	0.415
850702	2539667	0.399
850704	2542316	0.946
850709	2543459	0.699
850710	2542543	0.484
850712	2542922	0.403
850713	2541263	0.544
850714	2543020	1.528
850715	2539569	2.195
850719	3361391	1.922
850727	2538835	0.334
850732	2542084	0.38
850733	3361478	1.922
850734	2539497	0.769
850740	2543250	0.306
850744	2539775	1.121
850745	2542109	1.051
850747	2542242	2.195
850747	2542651	2.195
850748	2539853	0.558
850749	2541974	2.195
850750	2543021	0.284
850755	2543318	0.244
850758	2539776	2.195
850763	2542462	0.292
850764	2540795	1.167
850767	2541965	0.262
850774	2539564	0.731
850775	2539817	2.195
850777	2543268	0.644
850781	2540681	2.195
850786	2539142	0.338
850787	2539097	0.792
850790	2540195	0.648
850793	2542266	1.193
850795	3361398	0.469
850796	2539491	2.195
850797	2542165	0.424
850799	2538981	0.186
850803	2541652	2.165
850805	2541794	0.951
850807	2538832	1.025
850808	2540328	1.728
850809	2542889	0.382
850817	2542450	0.404
850818	3361204	0.29
850819	2541135	0.166
850820	2540971	2.195
850824	2542839	0.59
850829	2542509	1.91
850835	2540717	1.169
850837	2543088	0.082
850839	2540884	0.369
850840	2539053	0.605
850846	2539546	2.195
850857	2542491	1.034
850852	2542491	1.034
850850	2542491	1.034
850855	2542491	1.034
850857	3361173	1.034
850852	3361173	1.034
850850	3361173	1.034
850855	3361173	1.034
850857	2542491	1.034
850852	2542491	1.034
850850	2542491	1.034
850855	2542491	1.034
850857	3361173	1.034
850852	3361173	1.034
850850	3361173	1.034
850855	3361173	1.034
850857	2542491	1.034
850852	2542491	1.034
850850	2542491	1.034
850855	2542491	1.034
850857	3361173	1.034
850852	3361173	1.034
850850	3361173	1.034
850855	3361173	1.034
850857	2542491	1.034
850852	2542491	1.034
850850	2542491	1.034
850855	2542491	1.034
850857	3361173	1.034
850852	3361173	1.034
850850	3361173	1.034
850855	3361173	1.034
850860	2541300	1.698
850861	2541292	0.291
850864	2542138	0.706
850865	2540922	0.554
850868	2542885	0.558
850869	2539471	1.213
850872	2542481	2.195
850879	2540234	0.639
850882	3361407	0.416
850883	2542139	1.064
850888	2543046	0.37
850890	2542962	0.392
850892	2540407	1.48
850893	2539789	1.202
850894	2541087	2.068
850897	2543106	0.228
850898	2542605	0.251
850900	2541593	0.799
850905	2540716	1.176
850906	2542435	0.958
850907	2539433	0.894
850909	2540223	1.215
850911	2541227	0.268
850912	2541870	0.699
850914	2542541	0.906
850919	2539337	1.722
850930	2543027	1.165
850935	2539881	1.904
850940	2543640	0.392
850941	2543444	1.771
850942	2541980	1.395
850943	2543427	0.238
850944	2543397	1.225
850945	2540928	1.455
850946	2541551	0.285
850947	2541058	0.439
850949	2542902	0.809
850950	2539027	1.216
850951	2543082	2.195
850951	2539295	2.195
850952	2539402	0.241
850953	2543194	0.316
850955	2539608	1.528
850963	2543131	2.195
850966	2543529	0.897
850969	2542751	0.346
850969	2539085	0.346
850973	2540308	0.743
850974	2541340	0.718
850976	9407200	0.113
850977	2541201	2.195
850980	2542477	2.195
850981	2542480	0.367
850982	2538776	1.934
850983	2542258	2.195
850988	2540478	0.098
850991	2543599	0.651
850992	2543683	0.58
850993	2541850	0.102
854354	2542603	0.262
850994	2542603	0.262
854354	2540609	0.262
850994	2540609	0.262
850996	2542529	2.195
850997	2538806	0.393
850998	2543035	0.912
851002	2540599	0.064
851006	2543536	1.015
851007	2539993	1.096
851010	2540849	1.88
851013	2541450	2.195
851013	2541348	2.195
851014	2540883	2.195
851015	2539416	0.542
851024	2543516	1.346
851027	2541987	0.268
851028	2540601	0.38
851029	2542756	0.388
851032	2539144	0.409
851033	2540186	0.467
851035	2540910	0.184
851039	2543055	1.467
851045	2540965	0.305
851048	2539348	0.204
851049	2541610	0.95
851052	2538893	1.164
851055	2542591	2.195
851055	2541586	2.195
851055	2540737	2.195
851055	2538822	2.195
851058	2540274	0.558
851061	2542496	2.171
851065	2542673	1.076
851068	2538977	1.528
851069	3361354	2.019
851073	2539985	2.195
851075	2538828	0.516
851076	2540612	1.098
851084	2543026	2.195
851085	2540144	0.643
851086	2539580	2.159
851092	2540031	1.492
851095	2541037	1.916
851096	2543637	0.853
851098	2543476	2.195
851099	2539020	1.175
851100	2541017	2.195
851102	2540489	1.613
851103	2539563	0.526
851104	2539643	0.259
851105	2542436	2.195
851109	2542816	0.134
851112	2539880	0.374
851113	2540537	2.189
851114	2538841	2.195
851115	2538955	0.926
851117	2541573	1.649
851121	2538996	0.942
851122	2543475	0.363
851123	9406912	0.073
851125	2539299	2.195
851126	2539244	2.195
851129	2538731	0.219
851130	2540090	0.101
851135	2540981	0.395
851136	2539616	0.537
851137	2539263	1.952
851139	2542745	1.067
851140	2539182	0.077
851142	2543011	0.097
851145	2539437	0.491
851147	2541365	0.642
851148	2541961	1.849
851150	2540523	1.952
851152	2540315	2.195
851153	2540024	2.122
851154	2540813	0.193
851159	2540212	0.215
851158	2540626	1.819
851160	2539502	0.255
851162	2541737	1.1
851168	2542384	1.213
851169	2539372	0.659
851171	2538999	2.195
851175	2543405	1.698
851177	2540354	0.13
851178	2542572	0.251
851181	3361539	0.431
855012	2540763	0.914
855009	2539736	0.942
855008	2543551	0.603
855003	2539602	1.486
855002	2540882	0.074
854999	2541916	1.595
854997	2541782	0.538
854994	2542906	0.787
854992	2542255	1.904
854990	2540974	0.771
854987	2538855	0.896
854986	2542022	0.562
854983	2540449	0.315
852061	2540180	0.757
854982	2540180	0.757
852061	3361064	0.757
854982	3361064	0.757
854980	2539572	0.864
854978	2542662	0.107
854974	2542544	0.221
854973	2540105	2.195
854972	2539388	0.243
854970	2541816	0.344
854966	2540512	0.086
854960	2540869	0.449
854956	2543278	0.779
854950	2543401	0.53
854948	2540315	2.195
854946	2540024	2.122
854943	2539411	2.195
854941	2541213	1.601
854938	2542761	0.842
854937	2540470	0.811
854935	2540311	0.47
854934	2543264	0.433
854933	2541088	1.625
854932	2541809	1.649
854903	2542267	1.498
854900	2538999	2.195
854898	2543335	0.227
854895	2541048	1.37
854893	2541918	0.133
854889	2539864	2.195
854889	2540936	2.195
854888	2543430	0.756
854882	2539026	1.155
854881	2542351	1.064
854879	2540664	0.317
854878	2540887	0.223
854877	2540867	0.736
854876	2540886	0.743
854875	2538695	0.237
854872	2542498	1.57
854869	2542071	0.663
854868	2541770	0.488
854866	2539061	0.215
854930	2539510	0.95
854921	2541286	0.855
854918	2540954	1.037
854916	2541258	1.148
854915	2539864	2.195
854915	2540936	2.195
854913	2543141	1.94
854912	2539948	0.318
854911	2540959	0.141
854909	2539325	0.808
854908	2543522	0.272
855013	2541957	1.564
855014	2543292	0.267
855016	2543124	0.263
855017	2541721	0.127
855020	2541836	1.449
855020	5802732	1.449
855020	5802732	1.449
855021	2541231	0.419
855023	2538845	1.51
855025	2540905	0.846
855029	2542469	1.831
855036	2541252	0.724
855037	2541951	0.959
855039	2541040	0.409
855041	3361409	0.245
855042	2543077	1.003
855043	2539161	0.301
855048	2540112	0.277
855049	2541540	0.453
855051	2540235	0.429
855054	2541803	0.21
855068	2540888	2.092
855076	2542310	2.195
855077	2542162	0.687
855083	2541600	0.984
855084	2539792	1.455
855091	2539448	0.148
855093	2540256	0.377
855095	2538811	0.175
855096	2541923	0.241
855099	2541628	1.047
855101	2540725	0.196
855102	2541270	0.829
855103	2543628	1.197
855104	2542327	2.195
855114	2541079	2.195
855115	2540613	0.199
855116	2538836	0.598
855117	2542795	1.048
855118	2540858	1.048
855120	2541464	0.319
855121	2542689	1.322
855122	2540442	0.315
855130	2539206	1.843
855131	2540254	2.195
855132	2541045	0.216
855135	2541345	2.195
855136	2539659	2.195
855140	2541481	0.952
855143	2543298	1.191
855144	2540238	0.105
855145	2539100	0.319
855149	2539569	2.195
855150	2539470	1.122
855153	2541277	0.194
855158	2543371	2.195
855159	2540429	1.825
855160	2541452	0.336
855161	2539693	1.181
855166	2543008	0.095
855168	2541503	0.612
855170	2542652	1.346
855171	2540435	0.5
855174	2543559	0.728
851476	2543559	0.728
855174	2540812	0.728
851476	2540812	0.728
855176	2543119	1.401
855177	2543537	1.285
855182	2540493	0.348
855183	2540039	0.19
855188	2542032	0.21
855190	2539594	0.365
855196	2540130	0.325
855197	3361515	2.086
855201	2542274	1.783
855202	2538899	1.013
855203	2539949	1.546
855206	2543659	1.807
855207	2539213	0.53
855221	2539377	0.47
855224	2543539	2.195
855226	2540774	0.1
855227	2542828	2.195
855228	2541620	1.892
855231	2539852	0.207
1466503	14218044	0.103
855237	2540970	0.317
855240	2541623	0.688
855241	2541120	0.498
855242	2541992	0.646
855243	2540506	0.99
855245	2539972	2.195
855248	2542818	0.603
855251	2542590	0.172
855252	2538740	0.268
855254	2540021	0.75
855256	2539847	0.828
855257	2542573	2.195
855260	2543184	0.68
855263	2542135	0.785
855264	2542757	1.649
855265	3361356	0.149
855266	2543461	0.911
855267	2542822	0.444
855268	2543271	0.343
855269	2538897	2.195
855271	2543359	0.378
855274	2540252	0.214
855275	2541863	0.822
855276	2543133	0.419
855277	2540240	0.989
855280	2540084	0.331
855281	2541609	0.548
855282	2540216	1.047
855284	2542060	1.091
855287	14217588	0.173
855285	2539118	1.05
855301	2539238	0.791
855302	2540521	0.615
855303	2542498	1.607
855304	2543348	0.295
855310	2539617	0.518
855313	2541166	0.613
855315	2542519	0.994
855317	2542754	0.147
855319	2542667	0.771
855320	2542225	1.419
855321	2538920	1.625
855324	2543490	0.327
855326	2543128	0.685
855328	2539090	0.258
855330	2539139	0.166
855332	2541619	2.195
855333	2540662	0.115
855335	2541668	2.195
855337	2538876	0.223
855338	2541102	0.766
855342	2540820	1.015
855343	2542465	1.613
855346	2543626	2.134
855347	2542779	2.195
855348	2540741	1.128
855350	2541131	1.916
855353	2542591	2.195
855353	2541586	2.195
855353	2540737	2.195
855353	2538822	2.195
855355	2542584	1.734
855356	2539387	2.195
855357	2543621	1.37
855358	2541259	0.105
855362	2542559	0.995
855363	2540095	0.281
855369	2541302	1.205
855731	2539371	0.862
855729	2542695	0.843
855727	2540102	0.334
855726	2540645	1.552
855725	2539002	0.682
855722	2543317	0.766
855718	2543082	2.195
855718	2539295	2.195
855710	2540821	1.916
855709	2542630	0.823
855708	2538928	1.467
855707	2541945	0.112
1466516	14217504	0.243
855706	2539651	0.36
855705	2542441	0.46
855703	2540179	1.13
852294	2542463	0.508
855701	2542463	0.508
852294	2539991	0.508
855701	2539991	0.508
852294	2541200	0.508
855701	2541200	0.508
855700	2542467	0.862
852295	2542467	0.862
855700	2539804	0.862
852295	2539804	0.862
855700	2541220	0.862
852295	2541220	0.862
855699	2540134	0.382
855695	2538796	0.321
855692	2541362	0.327
855691	2541894	1.467
855690	2540532	0.064
855683	2539170	0.374
855682	2538917	1.94
855679	2539054	1.076
855678	2541601	2.195
855669	2542750	0.594
855665	2541031	1.777
855664	2541274	2.086
855663	2540699	0.485
855662	2542697	0.388
855661	2539671	1.504
855658	2543380	0.695
855653	2538797	1.401
855652	2541542	0.667
855649	2542446	1.086
855643	2538943	0.344
855642	2542582	0.85
855640	2539902	0.456
855639	2541762	0.313
855636	2540541	2.195
855634	2542773	0.789
855632	2540132	0.598
855628	2542553	0.797
855626	2539953	0.406
855625	2542285	0.79
855621	2543629	2.195
855619	2541003	2.195
855618	2540270	2.195
855616	2542278	0.637
855612	2540533	0.251
855611	2541383	2.195
855609	2542799	0.419
855608	2542051	0.215
855607	2542409	0.627
855603	2540896	0.235
855602	2543304	0.765
855600	2541812	2.195
855597	2540690	0.601
855594	2541315	0.488
855593	2541829	0.73
855592	2542276	0.144
855591	2542520	2.195
855587	2541195	0.512
855585	2540056	0.419
855584	2538829	1.039
1466511	2540636	0.093
855583	3361454	0.831
855581	2540066	1.144
855580	2539332	1.601
855575	2538964	0.27
855574	2542814	0.184
855573	2540586	0.08
855569	2542066	0.115
855568	2541341	1.607
855561	2543441	2.195
856544	2542789	0.506
855560	2542789	0.506
855558	2539293	1.655
855553	2540605	0.588
855552	2539756	1.059
855549	2539639	0.979
855547	2542965	0.662
855544	2538941	0.144
855543	2539797	1.197
855540	2542391	0.755
855539	2542844	0.284
855538	2539239	1.255
855536	2541549	0.521
855532	2539928	2.159
855529	2542858	2.195
855521	2542742	0.601
855520	2540726	0.828
855518	2543550	0.317
855515	2542055	0.252
855514	2539957	1.101
855512	2542875	2.195
855512	2541815	2.195
855512	2540199	2.195
855512	2539225	2.195
855509	2539965	1.334
855508	2543244	0.162
855503	2542096	1.431
855502	2542331	0.91
855501	2542823	2.062
855500	2541548	0.582
855499	2543452	0.758
855498	2542182	0.479
855495	2542938	0.348
855492	2539601	0.506
855490	2539120	1.034
855489	2539351	0.353
855483	2542576	1.649
855481	2538783	0.842
855480	2543200	1.795
855478	2543336	1.135
855477	2540672	0.54
855476	2539683	0.178
855475	2540967	0.17
855474	2542721	2.195
855473	2541914	0.599
855470	2541942	0.533
855469	2539103	0.325
855466	2542829	0.322
855465	2539851	1.156
855464	2542216	0.389
855462	2540012	0.19
855461	2539204	0.088
855460	2541107	0.197
855459	2540627	2.195
855458	2540356	0.325
855456	2539003	0.192
855454	2541887	1.619
855449	2541930	0.168
855448	2540728	0.903
855447	2542594	0.892
855446	2540261	1.57
855444	2540848	1.674
855442	2542800	0.503
855441	2540113	1.261
855436	2541290	0.397
855430	2539783	0.253
855429	2542247	1.971
855428	2542094	1.249
855426	2541493	1.273
855425	2541627	0.524
855424	2540023	0.492
855423	2539298	1.119
855420	2541486	0.517
855415	3361377	0.762
854029	3361377	0.762
855414	2541084	0.618
855411	2539556	0.218
855410	2542616	0.194
855404	2538781	0.256
855403	2543591	1.164
855401	2541713	0.454
855400	2540319	0.284
855399	2543089	1.084
855396	2540264	0.74
855395	2543342	1.152
855392	3361401	1.795
855390	2540463	0.322
855386	2540368	1.977
855384	2539108	1.577
855732	2543283	2.165
855736	2542020	0.592
855737	2538992	0.668
855739	2542403	0.865
855741	2541025	0.545
855742	2541187	1.758
855745	2540707	2.195
855746	2538946	1.021
855747	2540279	2.195
855749	2540200	0.897
855750	2543344	2.195
855751	2538784	0.594
855752	2541595	0.197
855753	2542851	0.817
855755	2540360	0.161
855757	2541438	0.162
855760	2540996	0.152
855761	2538966	0.596
855763	2539606	0.546
855764	2540068	0.768
855765	2542988	1.661
855767	2540389	0.303
855766	2541444	1.407
855768	2541382	1.034
855769	2538922	0.667
855771	2542287	0.672
855772	2543614	0.486
855773	2542342	0.327
855774	2538809	0.875
855775	2540150	0.217
855778	2543235	0.902
855779	2541430	1.455
855782	2541708	0.346
855783	2543432	1.655
855786	2540908	1.952
855788	2539041	0.614
855789	2542777	2.195
855790	2540503	0.608
855792	2540204	1.771
855804	2541480	1.704
855807	2543363	2.195
855807	2539195	2.195
854160	2539931	0.737
854157	2543112	0.34
854156	2540032	2.195
854154	2539368	0.173
854153	2540562	0.329
854152	2542936	0.946
854151	2542220	1.443
854150	2539668	0.54
854149	2539900	0.352
854144	2542442	0.862
854142	2543436	0.421
854138	2540398	2.195
854136	2540619	0.371
854135	2540181	1.516
854131	2541118	0.109
854127	2540920	1.443
854125	2540509	0.172
854124	2543394	1.113
854123	2541587	0.77
854119	2540175	1.021
854117	2542912	0.609
854117	2538892	0.609
854116	2542314	0.875
854114	2543510	0.669
854108	2542896	1.074
854105	2541338	0.668
854096	2541050	1.868
854095	2540455	1.156
854094	2538837	1.552
854092	2541527	0.964
854090	2538954	0.845
854086	3361342	0.926
854083	2542705	0.255
854082	2540003	0.16
854081	2542884	0.126
854079	2540082	0.126
854078	2540268	1.116
854076	2542972	0.267
854075	2540203	0.675
854070	2541670	2.195
854068	2538902	1.246
854067	2540443	0.071
854063	2540695	2.195
854060	2543319	0.563
854059	2542790	1.589
854057	2538771	0.511
854056	2541841	1.892
854055	2543450	1.352
854053	2539517	1.136
854051	2541572	0.279
854050	2543145	1.558
854036	2541468	1.322
854035	2541472	0.11
854034	3361384	0.9
855415	3361377	0.762
854029	3361377	0.762
854027	2542283	1.619
853996	2540011	0.915
853995	2542398	0.497
853993	2540851	0.604
853991	2541244	0.457
853986	2541897	0.417
853985	2539773	0.212
854026	2541706	0.56
854025	2538726	1.186
854024	2540701	0.679
854023	2541837	0.504
854022	2541125	0.461
854020	2542077	1.376
854019	2541474	0.261
854018	2541114	0.111
854162	2543630	1.279
854163	2540993	1.425
854165	2539158	0.641
854166	2539042	0.936
854167	2542142	0.864
854168	2542401	0.589
854175	2539195	2.195
854179	2539379	1.801
854183	2542940	0.755
854185	2539489	0.372
854187	2541976	0.723
854192	2539474	1.819
854198	2540348	0.905
854201	2540289	0.256
854203	2540128	0.842
854204	2542564	0.741
854208	2541358	0.206
854211	2539975	1.965
854213	2542674	2.195
854221	2541448	0.713
854222	2540962	0.325
854223	2543372	0.268
854227	2541972	1.455
854229	2542265	2.086
854229	2543309	2.086
854231	2540456	1.13
854233	2542143	1.376
854235	2539552	0.549
854236	2540892	1.059
854241	2542801	1.492
854244	2540949	0.334
854252	3361396	0.206
854256	2542248	0.703
854257	2543002	0.899
854258	2540400	0.388
854260	2543329	1.855
854262	2542821	0.852
854266	2540706	1.316
854270	2542110	0.166
854276	2540270	2.195
854278	2543209	0.36
854279	2542741	0.307
854283	2540292	2.195
854283	2541094	2.195
854284	3361462	2.195
854285	2540756	0.237
854286	2542923	0.938
854287	2542088	0.748
854289	2543526	0.464
854290	2539726	0.303
854291	2542059	1.08
854292	2541024	0.631
854293	2539062	0.252
854295	2538734	2.195
854300	2543324	0.733
854301	3361483	2.195
851993	3361483	2.195
854301	2539544	2.195
851993	2539544	2.195
854302	2539707	0.558
854303	2541260	1.613
854309	2543563	0.828
854310	2542341	1.304
854317	2541679	1.019
854320	2542832	0.508
854321	2540088	0.53
854322	2541446	2.195
854322	2543393	2.195
854324	2543363	2.195
854324	2539195	2.195
854326	2540344	1.086
854328	2541805	1.104
854330	2539607	0.303
854331	2539916	1.637
854334	2542890	0.438
854335	2538767	0.407
854336	2541926	1.583
854339	2540978	2.195
854342	2543328	0.662
854345	2539994	0.122
854346	2539940	1.346
854347	2539199	1.189
854354	2542603	0.262
850994	2542603	0.262
854354	2540609	0.262
850994	2540609	0.262
854356	2542269	1.079
854357	2540149	1.395
854359	2540210	2.122
854363	2540464	1.57
854371	2541234	1.625
854372	2538976	1.31
854373	2543631	0.361
854376	2539800	0.421
854377	2540675	0.939
854379	2538689	2.195
854381	2542666	1.467
854382	2541446	2.195
854382	2543393	2.195
854384	2542272	1.237
854385	2542233	0.336
854386	2539844	2.177
854387	2539974	0.533
854391	2540061	0.371
854392	2540426	2.086
854397	2543171	1.164
854398	2541990	0.223
854399	2539794	0.285
854407	2541039	0.548
854409	3361295	0.506
854413	2542353	0.413
854414	2540321	1.078
854415	2540103	1.37
854417	2540668	1.431
854418	2543506	1.837
854419	5802702	0.813
854420	2539566	0.449
854424	2541907	0.603
854425	5802714	0.469
854427	2539534	0.128
854428	2540961	0.736
854431	2539261	0.611
854432	2539198	0.322
854433	2539189	2.134
854434	2543622	0.341
854435	2538912	1.126
854436	2542899	1.108
854444	2542310	2.195
854445	2542199	1.334
854446	2543549	1.219
854448	2543065	0.959
854449	2541947	0.263
854452	2543161	0.407
854454	2539048	0.348
854456	2540484	0.463
854457	2542303	0.272
854460	2543423	0.251
854461	2543403	0.107
854463	2543480	0.306
854465	2542638	2.195
854465	2538881	2.195
854466	2538749	2.195
854468	3361259	0.415
854469	2540324	0.518
854470	2539310	0.287
854474	2541192	0.575
854477	2541778	0.196
854479	2541060	1.722
854482	2543094	0.102
854484	2541008	0.518
854487	2541814	1.965
854488	2540998	0.566
854495	2540731	1.971
854497	2542426	0.41
854499	2543657	2.195
854500	2542260	0.268
854501	2543410	1.613
854504	2540560	2.195
854504	2538846	2.195
854505	2541731	0.425
854506	2539195	2.195
854508	2539099	2.195
854509	2543000	0.463
854517	2539190	0.716
854518	2540989	0.296
854519	2540873	2.195
854527	2539723	1.066
854530	2543679	1.94
854533	2541604	0.768
854538	2541985	2.195
854539	2541210	0.381
854540	2540133	0.45
854543	2542090	1.473
854544	2539378	0.937
854549	2543446	0.3
854550	2542558	0.144
854551	2539588	0.39
854552	2539612	0.603
854557	2539147	1.855
854560	2540164	2.134
854562	3361165	0.316
854569	2543096	0.809
854569	2541415	0.809
854569	2543138	0.809
854569	2541415	0.809
854569	2543138	0.809
854572	2543234	0.387
854572	3361186	0.387
856106	2542502	0.672
856105	2541147	0.463
856104	2543075	0.445
856099	2543118	1.661
856098	2538747	1.237
856097	2539522	0.518
856096	2543604	0.118
856095	2543238	1.601
856094	2541005	0.258
856092	2538868	0.833
856088	2541428	1.467
856085	2538760	1.667
856084	2543105	1.837
856081	2540580	0.657
856079	2540616	1.686
856078	2543678	1.249
856077	2538705	0.995
856076	2539366	1.222
856075	2539333	0.174
856071	2542664	2.195
856071	2539012	2.195
856070	2543515	0.305
856067	2539323	2.195
856065	2541900	1.249
856063	2540871	1.105
856062	2541533	0.742
856061	2539714	0.159
856059	2542298	0.956
856057	2543252	1.118
856049	2543363	2.195
856049	2539195	2.195
856048	2543483	0.467
856045	2540385	0.845
856042	2539802	0.843
856040	2542429	0.469
856029	2539262	0.27
856027	2539732	0.597
856024	2542629	0.965
856024	2540367	0.965
856023	2539633	2.195
856022	2538979	0.359
856021	2542419	0.395
856019	2541614	2.195
856017	2543325	1.261
856015	2543581	1.132
852479	2543581	1.132
856014	2540156	1.783
856013	2541392	0.528
856013	2541401	0.528
856013	2541401	0.528
856013	2541374	0.528
856013	2541377	0.528
856012	2541126	2.195
856011	2542396	0.38
856009	2539952	0.8
856007	2539529	0.939
856006	2540425	0.212
856002	2538987	0.231
856000	2538918	1.298
855998	3361514	2.116
855995	2540293	1.273
855994	2543677	1.278
855993	2543377	0.831
855986	2540174	0.88
855984	2538689	2.195
855983	3361548	0.344
855981	2539790	1.395
855978	2538800	0.997
855977	2542217	0.249
855974	2541729	0.615
855972	2539680	1.316
855971	5802969	0.794
855968	2541513	0.688
855963	2540919	1.035
855958	2540206	1.067
855954	2540814	0.244
855953	2543567	0.929
855952	3361260	1.467
855951	2542349	1.088
855950	2538959	0.96
855946	2542015	0.327
855943	2542670	2.195
855936	2543358	2.195
855934	2540727	0.738
855933	2542688	0.312
855932	2541553	0.825
855931	2540944	0.827
855928	2540986	1.637
855927	2540952	0.524
855925	2539791	0.555
855919	2539918	0.833
855917	2541755	1.273
855913	2543173	0.772
855906	2542857	1.37
855905	2541938	0.226
855903	2543448	1.045
855902	2541436	0.305
855898	2539781	1.552
855897	2540718	1.661
855895	2543587	0.352
855894	2539172	2.195
855893	2539820	0.245
855892	3361036	1.067
855890	2539255	0.958
855889	2539082	1.316
855888	2539730	0.213
855887	2541872	1.094
855886	2539468	0.476
855884	2540390	2.195
855883	2540439	0.954
855881	2539222	1.069
852742	2539222	1.069
855880	2541613	1.047
855879	2541666	1.152
855877	2539150	0.602
855876	2541002	0.506
855875	2543082	2.195
855875	2539295	2.195
855874	2541053	0.859
855873	2543671	0.237
855845	2543618	2.195
855843	2543482	0.09
855842	2541780	0.661
855841	2541077	2.195
855840	2543440	0.711
855838	2542942	0.791
855837	2541266	0.227
855836	2543539	2.195
855834	2543129	0.747
855833	2539391	0.098
855832	2541206	0.552
855830	2539469	0.146
855829	2539614	0.625
855826	2540644	0.329
855826	2538883	0.329
855821	2541202	0.292
855869	2541306	1.746
855867	2543060	0.941
855866	2539345	2.195
855863	2539583	1.516
855862	2540247	1.516
855860	2541439	1.316
855858	2541285	1.758
855855	2542156	0.175
856111	2538858	0.953
856112	2542075	0.938
856119	2541280	2.195
856121	3361393	0.722
856126	2539126	1.407
856130	2539164	2.195
856134	2541858	0.558
856135	2538746	2.001
856136	2540555	0.485
856140	2539171	0.353
856141	2539311	1.161
856143	2540077	0.728
856145	2540472	2.086
856147	2541752	1.892
856148	2541906	0.361
856152	2539721	0.223
856153	2538898	0.4
856154	2541629	1.12
856156	2540665	0.395
853557	2540665	0.395
856158	2540452	0.5
856160	2538914	1.225
856161	2542966	1.118
856163	2539835	0.509
856169	2540343	0.655
856171	2543680	0.934
856173	2542334	0.637
856179	2542099	0.813
856180	2540984	0.192
856182	2539919	1.528
856187	3361433	0.509
856188	2540441	2.195
856194	2541064	0.34
856195	2541984	2.195
852415	2541984	2.195
856195	2539917	2.195
852415	2539917	2.195
856195	2539035	2.195
852415	2539035	2.195
856196	2543181	2.195
856197	2539369	0.656
856201	2542339	0.857
856203	2539290	1.91
856204	2542659	0.172
856207	2540553	0.632
856209	2541843	0.394
856212	2538982	0.539
856214	2540785	0.4
856218	2543623	1.195
856222	2541506	0.404
856223	2540794	1.082
856226	2539663	1.346
856227	2541599	1.746
856228	2541303	1.916
856234	2540540	0.93
856236	2540880	1.055
856239	2541373	0.867
856243	2541952	1.014
856245	2542917	0.537
856247	2540829	0.238
856249	2539279	0.546
853015	2542012	0.837
856250	2542012	0.837
853015	2541369	0.837
856250	2541369	0.837
856251	2540721	0.589
856254	2543387	0.697
856255	2541476	0.877
856261	2542362	0.097
856263	2543360	1.425
856264	2541919	0.106
856267	2539987	0.892
856268	2539704	2.195
856272	2539727	0.201
856278	2540670	0.518
856287	2541866	1.837
856290	2540239	0.89
856291	2541298	0.423
856294	2541612	1.072
856295	2541862	0.23
856296	2542836	0.942
856297	2540272	0.175
856298	3361484	0.178
5848745	3361431	0.142
856303	2542054	1.946
856305	2541347	1.045
856306	2543284	1.131
856307	2541477	0.873
856310	2543606	0.556
856311	2541164	2.195
856311	2538699	2.195
856312	2540330	0.261
856313	2543121	0.331
856316	2542887	0.382
856317	2539083	0.488
856319	2539136	1.431
856320	2543417	0.385
856321	2538983	0.469
856323	2543272	0.105
